0 0.25234375 0.28515625 0.23359375 0.02890625
3 0.16484375 0.21875 0.0421875 0.02421875
3 0.21484375 0.22109375 0.0328125 0.0234375
3 0.2765625 0.221875 0.05703125 0.0265625
3 0.35625 0.22265625 0.07734375 0.02265625
3 0.428125 0.22109375 0.0359375 0.0234375
3 0.471875 0.2203125 0.0203125 0.01328125
3 0.51640625 0.2171875 0.03828125 0.01640625
3 0.57109375 0.22265625 0.03984375 0.02265625
3 0.63046875 0.221875 0.04609375 0.02578125
3 0.6921875 0.22265625 0.04375 0.02421875
3 0.75859375 0.22265625 0.05625 0.0234375
10 0.1640625 0.88515625 0.0515625 0.021875
10 0.16953125 0.921875 0.0625 0.0296875
10 0.17265625 0.9625 0.06875 0.0265625
1 0.33203125 0.546875 0.10390625 0.18203125
1 0.44921875 0.54921875 0.1015625 0.17890625
1 0.5671875 0.5484375 0.1015625 0.24765625
1 0.68515625 0.540625 0.10703125 0.2328125
1 0.79921875 0.55234375 0.1015625 0.2421875
6 0.3296875 0.33359375 0.03203125 0.025
6 0.38046875 0.33125 0.0484375 0.01875
6 0.45 0.33359375 0.06875 0.01796875
3 0.38125 0.403125 0.0140625 0.02734375
3 0.49921875 0.403125 0.01875 0.02734375
3 0.61796875 0.4046875 0.0140625 0.025
3 0.73203125 0.4 0.0125 0.02109375
3 0.84921875 0.403125 0.0125 0.02890625
3 0.83671875 0.33125 0.009375 0.0296875
3 0.853125 0.328125 0.01015625 0.025
6 0.8125 0.33359375 0.01171875 0.025
8 0.30625 0.95078125 0.06640625 0.021875
8 0.4234375 0.95078125 0.06484375 0.02265625
8 0.54140625 0.953125 0.065625 0.03046875
8 0.77265625 0.94921875 0.065625 0.02421875
2 0.7953125 0.7015625 0.03046875 0.02734375
7 0.4765625 0.07265625 0.40078125 0.03203125
11 0.4578125 0.15390625 0.31171875 0.05234375
3 0.0359375 0.01796875 0.05546875 0.02421875
3 0.121875 0.01796875 0.04609375 0.02265625
3 0.04375 0.07890625 0.0765625 0.034375
3 0.94140625 0.08046875 0.0484375 0.03046875
3 0.984375 0.0765625 0.01953125 0.03359375
3 0.8859375 0.0796875 0.04375 0.03125