11 0.31328125 0.29375 0.43984375 0.20234375
11 0.1109375 0.053125 0.04765625 0.0421875
3 0.59609375 0.05546875 0.03671875 0.03359375
3 0.66875 0.0609375 0.0703125 0.0375
3 0.7375 0.05703125 0.040625 0.03671875
3 0.79609375 0.05703125 0.03515625 0.03359375
3 0.86484375 0.05859375 0.0546875 0.028125
3 0.178125 0.61171875 0.11875 0.0515625
7 0.17734375 0.5265625 0.12109375 0.04921875
7 0.3421875 0.528125 0.15078125 0.04375
7 0.49375 0.52890625 0.0828125 0.05078125
4 0.31953125 0.6140625 0.1203125 0.04765625
1 0.696875 0.55390625 0.24296875 0.71953125