3 0.3515625 0.0734375 0.05234375 0.06015625
3 0.42265625 0.0671875 0.075 0.06171875
3 0.5171875 0.0640625 0.065625 0.0515625
3 0.62109375 0.0671875 0.09609375 0.05703125
3 0.740625 0.93359375 0.3828125 0.07890625
3 0.9046875 0.0640625 0.15234375 0.0640625
3 0.11171875 0.82890625 0.1421875 0.0640625
2 0.08671875 0.9890625 0.0953125 0.021875
11 0.1421875 0.42578125 0.21328125 0.109375
11 0.61171875 0.2546875 0.14140625 0.05
7 0.74140625 0.37265625 0.38125 0.08984375
7 0.73515625 0.51171875 0.38125 0.0671875
7 0.6359375 0.66640625 0.1625 0.06015625
7 0.84375 0.6640625 0.16328125 0.0609375
3 0.7 0.81171875 0.01953125 0.02578125
3 0.56640625 0.80703125 0.02109375 0.03515625
3 0.77421875 0.8109375 0.01328125 0.034375
3 0.90546875 0.81171875 0.01875 0.0359375
6 0.9125 0.36796875 0.0125 0.02734375
6 0.9125 0.5140625 0.01328125 0.0203125
6 0.91328125 0.6640625 0.01484375 0.025
9 0.0421875 0.0640625 0.0734375 0.1