0 0.34296875 0.61328125 0.46171875 0.06484375
11 0.48046875 0.2515625 0.37265625 0.05859375
11 0.4793170125 0.8160501046874999 0.873761409375 0.8026772046874999 0.8698404906249999 0.737723946875 0.10999998281250001 0.7292712078125 0.11310333125000001 0.9459565453125001 0.4761803265625 0.9574188609375 0.4793170125 0.8160501046874999
6 0.50859375 0.0640625 0.06171875 0.06328125
6 0.61875 0.0671875 0.103125 0.05703125
6 0.7359375 0.0625 0.06640625 0.0359375
6 0.840625 0.06484375 0.09296875 0.05234375
9 0.13671875 0.06953125 0.15703125 0.09453125
6 0.52890625 0.0578125 0.01328125 0.02578125
6 0.659375 0.0546875 0.01328125 0.021875
6 0.75625 0.05625 0.01484375 0.0125
6 0.87578125 0.05703125 0.01484375 0.01484375