7 0.30546875 0.07578125 0.3265625 0.07421875
1 0.26953125 0.69921875 0.36328125 0.6015625
0 0.23671875 0.32890625 0.37578125 0.05234375
3 0.0984375 0.1640625 0.1234375 0.06796875
3 0.19921875 0.16640625 0.05625 0.03515625
3 0.25546875 0.1625 0.0375 0.0359375
3 0.3140625 0.16953125 0.03828125 0.02578125
3 0.35546875 0.16640625 0.03359375 0.04375
3 0.40546875 0.16875 0.0515625 0.034375
3 0.47421875 0.16875 0.0578125 0.0390625
3 0.54296875 0.171875 0.040625 0.0359375
3 0.63046875 0.1703125 0.0890625 0.0515625
3 0.71796875 0.16171875 0.04765625 0.04453125
3 0.771875 0.16796875 0.03125 0.0375
3 0.83203125 0.1625 0.0578125 0.0359375
3 0.9109375 0.17109375 0.04765625 0.03828125
3 0.91640625 0.071875 0.03828125 0.0671875
6 0.81796875 0.0828125 0.0265625 0.0453125
3 0.7890625 0.3953125 0.009375 0.03671875
3 0.8125 0.39375 0.0125 0.04765625
3 0.83515625 0.3921875 0.01171875 0.03046875
3 0.8625 0.39140625 0.01796875 0.04375
3 0.88515625 0.3953125 0.01328125 0.03203125
3 0.9078125 0.39453125 0.0140625 0.03046875
11 0.7578125 0.54296875 0.36171875 0.1546875
8 0.6671875 0.68046875 0.09375 0.02890625
8 0.73984375 0.74375 0.06796875 0.0234375
11 0.75859375 0.89375 0.31640625 0.17734375
9 0.0796875 0.0578125 0.109375 0.115625
6 0.26171875 0.01875 0.009375 0.0171875