2 0.50390625 0.61796875 0.07734375 0.01171875
1 0.49921875 0.3484375 0.9984375 0.4890625
11 0.19765625 0.07265625 0.1796875 0.0390625
3 0.4421875 0.07421875 0.03359375 0.015625
3 0.521875 0.07265625 0.04921875 0.01953125
3 0.61171875 0.075 0.040625 0.01015625
3 0.6953125 0.07421875 0.0390625 0.0140625
3 0.76796875 0.0734375 0.02109375 0.01953125
3 0.8484375 0.07578125 0.053125 0.01484375
8 0.17578125 0.0203125 0.13046875 0.01953125
8 0.33125 0.01953125 0.09609375 0.01015625
3 0.7984375 0.01953125 0.01328125 0.01640625
3 0.8265625 0.01953125 0.01328125 0.0171875
3 0.853125 0.01953125 0.01171875 0.0125
3 0.88125 0.01875 0.009375 0.01875
11 0.50234375 0.73125 0.16875 0.04453125
11 0.246875 0.86796875 0.16875 0.08046875
11 0.240625 0.9765625 0.15546875 0.046875
11 0.515625 0.8671875 0.165625 0.07890625
11 0.78828125 0.871875 0.153125 0.08671875
11 0.78203125 0.978125 0.1421875 0.04375
11 0.509375 0.9796875 0.15546875 0.040625