3 0.278125 0.075 0.03359375 0.03515625
3 0.34765625 0.06796875 0.03125 0.03046875
3 0.41328125 0.06796875 0.028125 0.0265625
3 0.48828125 0.0734375 0.05078125 0.03125
3 0.56953125 0.07265625 0.04375 0.02578125
3 0.64375 0.0703125 0.03046875 0.03046875
3 0.7125 0.07578125 0.05 0.02265625
3 0.90078125 0.071875 0.01953125 0.0296875
6 0.84453125 0.07265625 0.03515625 0.021875
11 0.50234375 0.440625 0.5625 0.103125
5 0.221875 0.875 0.25703125 0.24921875
5 0.49921875 0.8734375 0.25625 0.25234375
5 0.7765625 0.8734375 0.25390625 0.25234375