0 0.49375 0.46953125 0.4734375 0.05625
3 0.05 0.1609375 0.0484375 0.04453125
3 0.11484375 0.1609375 0.03359375 0.034375
3 0.1734375 0.16328125 0.02890625 0.03984375
3 0.23671875 0.159375 0.05 0.03671875
3 0.7578125 0.1640625 0.05703125 0.0359375
3 0.8390625 0.1609375 0.08125 0.03046875
3 0.92265625 0.16328125 0.04765625 0.0296875
3 0.909375 0.0609375 0.16953125 0.03046875
3 0.7125 0.053125 0.0328125 0.0828125
3 0.771875 0.0625 0.03359375 0.07421875
6 0.709375 0.6453125 0.0640625 0.0390625
3 0.29453125 0.6484375 0.0640625 0.046875
3 0.40390625 0.6484375 0.075 0.05078125
3 0.5140625 0.6484375 0.06015625 0.0328125
3 0.61640625 0.64921875 0.065625 0.04296875
3 0.046875 0.4765625 0.05 0.03828125
3 0.06640625 0.53828125 0.084375 0.03515625
3 0.071875 0.60078125 0.09140625 0.0328125
3 0.0640625 0.6609375 0.0796875 0.0296875
3 0.0734375 0.753125 0.09765625 0.04609375
7 0.4296875 0.72421875 0.2578125 0.05625
11 0.31796875 0.56875 0.1078125 0.04609375
11 0.321875 0.3421875 0.12109375 0.0703125
11 0.48984375 0.9046875 0.1546875 0.0359375
7 0.82265625 0.26171875 0.26484375 0.05390625