0 0.16640625 0.259375 0.12265625 0.03359375
11 0.68046875 0.0765625 0.41953125 0.13046875
11 0.46328125 0.36875 0.7078125 0.16875
11 0.4734375 0.50078125 0.73671875 0.0296875
3 0.1265625 0.08125 0.025 0.02890625
3 0.3265625 0.1828125 0.0546875 0.0234375
3 0.4 0.18203125 0.04296875 0.021875
3 0.47421875 0.18203125 0.015625 0.02578125
3 0.55234375 0.18359375 0.046875 0.025
3 0.64140625 0.1828125 0.046875 0.0234375
3 0.73125 0.1828125 0.0484375 0.0234375
3 0.82734375 0.184375 0.04375 0.0265625
3 0.928125 0.1828125 0.07578125 0.0234375
3 0.58359375 0.5578125 0.065625 0.03515625
3 0.65625 0.56015625 0.05703125 0.03125
3 0.72578125 0.55703125 0.05625 0.03359375
3 0.79453125 0.5578125 0.05546875 0.021875
3 0.86796875 0.56171875 0.040625 0.02109375