6 0.3421875 0.59765625 0.01484375 0.02578125
6 0.47734375 0.59453125 0.0140625 0.02421875
6 0.33203125 0.1125 0.01953125 0.0296875
6 0.4609375 0.11171875 0.02578125 0.03203125
3 0.86015625 0.1140625 0.01796875 0.04453125
3 0.53046875 0.11171875 0.08984375 0.04140625
3 0.61484375 0.109375 0.040625 0.0359375
3 0.70546875 0.11015625 0.0921875 0.0203125
3 0.92890625 0.5859375 0.01875 0.0453125
3 0.7546875 0.5921875 0.0984375 0.05390625
3 0.653125 0.59140625 0.0453125 0.04765625
3 0.55625 0.59140625 0.08515625 0.03046875
3 0.42890625 0.59375 0.10625 0.02265625
3 0.2984375 0.5953125 0.09140625 0.03359375