8 0.26328125 0.54296875 0.2296875 0.0359375
8 0.51328125 0.69453125 0.22890625 0.0328125
8 0.39609375 0.903125 0.34296875 0.03046875
8 0.4375 0.95625 0.375 0.04140625
11 0.5484375 0.28203125 0.80546875 0.23984375
11 0.2015625 0.484375 0.1078125 0.03125
11 0.21953125 0.64296875 0.14453125 0.01953125
11 0.26953125 0.69609375 0.24296875 0.04765625
11 0.26015625 0.7953125 0.228125 0.021875
11 0.43671875 0.846875 0.58359375 0.03515625
3 0.0953125 0.06484375 0.14296875 0.0640625
7 0.703125 0.05859375 0.5828125 0.103125