3 0.2828125 0.13984375 0.23046875 0.034375
3 0.60625 0.134375 0.2109375 0.03203125
3 0.875 0.13671875 0.1296875 0.03359375
3 0.8203125 0.03515625 0.0453125 0.03828125
3 0.6890625 0.04140625 0.06640625 0.046875
3 0.16328125 0.47265625 0.22734375 0.03828125
3 0.17578125 0.5515625 0.28203125 0.04765625
3 0.18203125 0.6296875 0.26953125 0.0453125
8 0.4984375 0.803125 0.71796875 0.03203125
11 0.16171875 0.734375 0.23046875 0.03359375
11 0.19140625 0.24921875 0.2703125 0.03125
11 0.334375 0.040625 0.3453125 0.0375
11 0.20078125 0.30234375 0.3015625 0.0234375
11 0.28828125 0.88359375 0.27890625 0.03515625
11 0.32265625 0.9625 0.334375 0.02734375
11 0.11171875 0.40390625 0.12890625 0.0359375