8 0.19765625 0.36875 0.14609375 0.0203125
8 0.81484375 0.18984375 0.15234375 0.028125
11 0.16875 0.1296875 0.15 0.0296875
11 0.2734375 0.19765625 0.36171875 0.05078125
11 0.1828125 0.27734375 0.1140625 0.01953125
11 0.2375 0.3296875 0.22109375 0.01875
11 0.1578125 0.4328125 0.0609375 0.01640625
11 0.2328125 0.5234375 0.2203125 0.0953125
3 0.10390625 0.87578125 0.01875 0.02734375
3 0.140625 0.8765625 0.01875 0.025
3 0.17734375 0.87578125 0.01796875 0.02734375
3 0.2125 0.87578125 0.02890625 0.0328125
3 0.2484375 0.87578125 0.02109375 0.02734375
3 0.72421875 0.72734375 0.3640625 0.05390625
11 0.66953125 0.1265625 0.25234375 0.02734375
11 0.64140625 0.190625 0.190625 0.0265625
7 0.72421875 0.27421875 0.3703125 0.04609375
7 0.72421875 0.37578125 0.365625 0.04921875
7 0.72421875 0.4734375 0.365625 0.046875
7 0.7234375 0.60546875 0.3671875 0.1375
11 0.2171875 0.68046875 0.178125 0.0203125